746
122
43
14
16
135
17
33
477
210
42
276
141
646
766
493
859
722
694
192
642
194
220
602
333
268
420
282
308
317
691
448
505
506
569
959
626
639
649
734
748
780
784
948
971
989
56
412
425
374
205
556
351
107
258
491
976
531
230
515
164
176
132
112
74
298
1
914
323
489
110
293
938
170
486
690
325
441
730
316
334
356
354
332
778
340
235
519
379
854
326
667
575
431
574
807
747
678
621
520
767
823
184
672
658
955
538
647
239
738
357
312
655
377
592
346
378
733
772
652
966
843
453
702
764
741
611
397
848
121
136
315
829
63
209
45
811
874
692
303
283
791
342
29
680
742
713
77
809
380
75
893
439
785
174
7
186
908
24
540
842
790
440
446
177
983
850
591
895
240
565
819
473
656
213
869
222
514
62
140
536
309
193
724
693
917
727
682
274
931
822
975
826
100
827
804
299
997
319
261
593
232
229
212
851
849
60
233
358
460
875
754
839
178
279
640
719
560
787
933
39
786
400
925
421
596
776
671
328
393
225
526
255
267
669
865
922
278
821
921
203
597
284
935
483
159
369
554
906
442
311
815
605
41
251
663
604
852
878
73
743
25
396
120
502
707
142
362
406
886
708
978
516
3
650
361
272
987
533
812
430
352
584
436
189
391
687
870
970
610
845
435
863
265
70
456
111
570
951
347
98
944
245
831
35
462
9
167
998
202
820
532
499
507
106
500
718
736
292
463
905
844
936
896
48
688
907
21
860
888
712
594
830
613
305
89
92
627
530
986
614
4
880
926
166
296
479
641
992
389
228
281
450
81
364
644
208
423
756
899
313
34
433
900
457
803
451
11
139
23
370
549
654
275
972
329
504
942
541
467
5
939
90
551
348
148
411
103
485
13
606
287
211
38
302
367
648
509
561
87
755
616
360
792
539
508
855
923
889
924
629
887
559
677
149
349
777
704
145
768
994
729
746
913
320
757
429
187
963
19
799
468
216
50
181
254
277
864
300
404
706
623
247
867
739
679
201
480
109
555
22
775
83
381
950
28
127
217
550
125
387
877
260
219
197
241
196
964
78
286
728
732
179
301
488
497
576
588
645
638
113
567
761
802
962
154
745
314
954
294
557
546
416
725
472
969
723
771
779
836
890
558 568
180 750
980 97
398 749
985 54
253 221
190 512
496 945
322 603
798 152
104 600
445 916
598 53
696 564
999 427
418 79
306 587
699 324
403 892
207 578
84 783
363 902
449 523
683 946
64 901
466 788
185 974
69 941
909 264
86 191
884 295
310 618
700 237
898 542
291 979
68 552
659 417
527 752
940 782
117 883
685 548
673 586
395 589
635 175
476 762
904 419
968 399
668 510
85 633
660 910
215 158
131 720
928 806
897 337
248 257
717 632
57 631
637 731
630 773
269 676
828 343
498 432
484 981
608 224
824 246
82 961
487 206
384 161
636 535
607 793
868 119
58 37
698 0
666 214
781 66
927 710
428 46
580 628
816 601
59 882
128 577
385 911
116 919
223 599
529 280
934 759
359 55
366 218
71 331
271 709
789 2
143 990
545 871
918 390
61 238
375 818
769 478
168 172
226 65
838 517
715 338
582 949
967 930
126 585
102 266
958 684
76 353
163 47
95 758
96 234
657 579
465 651
563 753
288 996
501 876
810 250
36 965
495 711
503 160
834 123
198 957
595 171
492 774
573 943
879 6
227 528
973 373
622 290
547 355
18 146
609 920
866 244
664 199
695 173
252 151
763 336
857 566
405 534
365 805
165 437
350 952
426 124
737 474
382 434
459 689
624 273
835 414
182 562
407 297
937 705
675 12
947 345
612 115
285 188
841 662
903 134
825 572
518 953
794 40
388 697
129 147
30 525
891 653
915 571
259 321
330 371
984 872
760 801
157 625
490 80
583 833
853 32
93 156
443 862
144 643
99 49
482 832
137 236
703 912
444 800
130 726
452 808
368 231
932 327
394 270
765 858
304 410
716 133
138 424
701 307
956 454
674 977
988 544
537 383
376 318
455 881
494 52
770 422
817 740
413 840
458 751
101 873
44 438
153 105
991 67
735 929
256 447
513 401
386 461
686 26
475 993
415 714
856 522
524 31
402 620
885 200
195 846
481 10
813 665
670 155
617 243
960 150
88 372
183 615
392 408
262 744
470 661
796 242
8 341
543 511
795 995
837 581
721 20
469 619
471 553
27 15
162 114
94 409
861 51
339 91
521 797
344 169
263 289
847 249
204 894
118 108
